J =  0.69315
grad =

   8.4746e-03
   1.8788e-02
   7.7771e-05
   5.0345e-02
   1.1501e-02
   3.7665e-02
   1.8356e-02
   7.3239e-03
   8.1924e-03
   2.3476e-02
   3.9349e-02
   2.2392e-03
   1.2860e-02
   3.0959e-03
   3.9303e-02
   1.9971e-02
   4.3298e-03
   3.3864e-03
   5.8382e-03
   4.4763e-03
   3.1008e-02
   3.1031e-02
   1.0974e-03
   6.3157e-03
   4.0850e-04
   7.2650e-03
   1.3765e-03
   3.8794e-02

J =  0.69315
grad =

   8.4746e-03
   1.8788e-02
   7.7771e-05
   5.0345e-02
   1.1501e-02
   3.7665e-02
   1.8356e-02
   7.3239e-03
   8.1924e-03
   2.3476e-02
   3.9349e-02
   2.2392e-03
   1.2860e-02
   3.0959e-03
   3.9303e-02
   1.9971e-02
   4.3298e-03
   3.3864e-03
   5.8382e-03
   4.4763e-03
   3.1008e-02
   3.1031e-02
   1.0974e-03
   6.3157e-03
   4.0850e-04
   7.2650e-03
   1.3765e-03
   3.8794e-02

J =  0.68295
grad =

  -5.9317e-03
   1.3661e-02
  -5.6729e-03
   4.1975e-02
   1.0480e-02
   2.8502e-02
   1.4314e-02
   5.8701e-03
   6.9540e-03
   1.7043e-02
   3.3504e-02
   1.8885e-03
   1.0824e-02
   2.8160e-03
   3.1536e-02
   1.6324e-02
   3.6325e-03
   2.7828e-03
   4.8494e-03
   3.9365e-03
   2.4443e-02
   2.6477e-02
   8.5666e-04
   5.4120e-03
   3.1523e-04
   6.1363e-03
   1.2594e-03
   3.1554e-02

J =  0.68295
grad =

  -5.9317e-03
   1.3661e-02
  -5.6729e-03
   4.1975e-02
   1.0480e-02
   2.8502e-02
   1.4314e-02
   5.8701e-03
   6.9540e-03
   1.7043e-02
   3.3504e-02
   1.8885e-03
   1.0824e-02
   2.8160e-03
   3.1536e-02
   1.6324e-02
   3.6325e-03
   2.7828e-03
   4.8494e-03
   3.9365e-03
   2.4443e-02
   2.6477e-02
   8.5666e-04
   5.4120e-03
   3.1523e-04
   6.1363e-03
   1.2594e-03
   3.1554e-02

J =  0.67176
grad =

  -1.9251e-02
   6.9497e-03
  -1.1194e-02
   3.1259e-02
   8.8033e-03
   1.7882e-02
   9.0086e-03
   4.1108e-03
   5.2301e-03
   9.5561e-03
   2.5651e-02
   1.3847e-03
   8.2044e-03
   2.3377e-03
   2.1964e-02
   1.1433e-02
   2.7359e-03
   1.9745e-03
   3.5982e-03
   3.1442e-03
   1.6368e-02
   2.0264e-02
   5.3474e-04
   4.2069e-03
   1.8594e-04
   4.6691e-03
   1.0452e-03
   2.2425e-02

J =  0.67176
grad =

  -1.9251e-02
   6.9497e-03
  -1.1194e-02
   3.1259e-02
   8.8033e-03
   1.7882e-02
   9.0086e-03
   4.1108e-03
   5.2301e-03
   9.5561e-03
   2.5651e-02
   1.3847e-03
   8.2044e-03
   2.3377e-03
   2.1964e-02
   1.1433e-02
   2.7359e-03
   1.9745e-03
   3.5982e-03
   3.1442e-03
   1.6368e-02
   2.0264e-02
   5.3474e-04
   4.2069e-03
   1.8594e-04
   4.6691e-03
   1.0452e-03
   2.2425e-02

J =  0.66057
grad =

  -2.0234e-02
  -3.8739e-04
  -1.2506e-02
   1.9612e-02
   6.0400e-03
   9.0819e-03
   3.0881e-03
   2.4349e-03
   3.0422e-03
   3.2662e-03
   1.6196e-02
   7.1048e-04
   5.3040e-03
   1.5240e-03
   1.2410e-02
   5.6717e-03
   1.7429e-03
   1.0235e-03
   2.2576e-03
   2.0374e-03
   8.3533e-03
   1.2578e-02
   1.6078e-04
   2.7661e-03
   2.6566e-05
   3.0012e-03
   6.5874e-04
   1.2760e-02

J =  0.66057
grad =

  -2.0234e-02
  -3.8739e-04
  -1.2506e-02
   1.9612e-02
   6.0400e-03
   9.0819e-03
   3.0881e-03
   2.4349e-03
   3.0422e-03
   3.2662e-03
   1.6196e-02
   7.1048e-04
   5.3040e-03
   1.5240e-03
   1.2410e-02
   5.6717e-03
   1.7429e-03
   1.0235e-03
   2.2576e-03
   2.0374e-03
   8.3533e-03
   1.2578e-02
   1.6078e-04
   2.7661e-03
   2.6566e-05
   3.0012e-03
   6.5874e-04
   1.2760e-02

J =  0.65255
grad =

   3.2913e-03
  -5.4854e-03
  -5.7455e-03
   9.1251e-03
   2.0339e-03
   5.4667e-03
  -1.6736e-03
   1.2333e-03
   7.4151e-04
   5.8611e-04
   6.2601e-03
  -4.0148e-05
   2.5267e-03
   3.6161e-04
   4.9689e-03
   2.6161e-04
   7.8178e-04
   1.3600e-04
   1.0228e-03
   6.9182e-04
   2.2582e-03
   4.2757e-03
  -1.6727e-04
   1.2255e-03
  -1.1695e-04
   1.3260e-03
   9.9324e-05
   4.2609e-03

J =  0.65255
grad =

   3.2913e-03
  -5.4854e-03
  -5.7455e-03
   9.1251e-03
   2.0339e-03
   5.4667e-03
  -1.6736e-03
   1.2333e-03
   7.4151e-04
   5.8611e-04
   6.2601e-03
  -4.0148e-05
   2.5267e-03
   3.6161e-04
   4.9689e-03
   2.6161e-04
   7.8178e-04
   1.3600e-04
   1.0228e-03
   6.9182e-04
   2.2582e-03
   4.2757e-03
  -1.6727e-04
   1.2255e-03
  -1.1695e-04
   1.3260e-03
   9.9324e-05
   4.2609e-03

J =  0.65256
grad =

   2.3357e-02
  -7.4814e-03
  -6.5309e-05
   1.7744e-03
  -8.0441e-04
   3.1766e-03
  -4.1738e-03
   3.6790e-04
  -7.1854e-04
  -8.9239e-04
  -6.7005e-04
  -4.9775e-04
   5.0955e-04
  -4.1309e-04
  -1.3342e-04
  -3.0169e-03
   8.6199e-05
  -4.0509e-04
   1.2386e-04
  -2.1481e-04
  -1.7607e-03
  -1.4319e-03
  -3.3938e-04
   1.0815e-04
  -1.8356e-04
   1.1053e-04
  -2.5374e-04
  -1.5713e-03

J =  0.65239
grad =

   2.2670e-02
  -6.8087e-03
  -2.9445e-04
   2.4502e-03
  -5.5567e-04
   3.4709e-03
  -3.6929e-03
   4.4028e-04
  -5.3514e-04
  -6.3538e-04
  -3.2055e-05
  -4.3640e-04
   6.7733e-04
  -3.3176e-04
   3.6825e-04
  -2.5709e-03
   1.4193e-04
  -3.2863e-04
   1.9722e-04
  -1.2149e-04
  -1.3214e-03
  -8.8872e-04
  -3.0785e-04
   2.0114e-04
  -1.6709e-04
   2.1111e-04
  -2.1226e-04
  -1.0065e-03

J =  0.65239
grad =

   2.2670e-02
  -6.8087e-03
  -2.9445e-04
   2.4502e-03
  -5.5567e-04
   3.4709e-03
  -3.6929e-03
   4.4028e-04
  -5.3514e-04
  -6.3538e-04
  -3.2055e-05
  -4.3640e-04
   6.7733e-04
  -3.3176e-04
   3.6825e-04
  -2.5709e-03
   1.4193e-04
  -3.2863e-04
   1.9722e-04
  -1.2149e-04
  -1.3214e-03
  -8.8872e-04
  -3.0785e-04
   2.0114e-04
  -1.6709e-04
   2.1111e-04
  -2.1226e-04
  -1.0065e-03

J =  0.65269
grad =

   2.6149e-02
  -5.7018e-03
   5.3548e-04
   1.6391e-03
  -7.6105e-04
   3.0977e-03
  -3.2552e-03
   3.0377e-04
  -5.2437e-04
  -6.4548e-04
  -6.4476e-04
  -4.1258e-04
   4.1930e-04
  -3.4692e-04
  -1.4376e-04
  -2.4581e-03
   5.1385e-05
  -3.0643e-04
   7.8966e-05
  -1.6175e-04
  -1.5830e-03
  -1.3114e-03
  -2.7743e-04
   7.2125e-05
  -1.4305e-04
   6.4331e-05
  -2.0433e-04
  -1.5061e-03

J =  0.65269
grad =

   2.6149e-02
  -5.7018e-03
   5.3548e-04
   1.6391e-03
  -7.6105e-04
   3.0977e-03
  -3.2552e-03
   3.0377e-04
  -5.2437e-04
  -6.4548e-04
  -6.4476e-04
  -4.1258e-04
   4.1930e-04
  -3.4692e-04
  -1.4376e-04
  -2.4581e-03
   5.1385e-05
  -3.0643e-04
   7.8966e-05
  -1.6175e-04
  -1.5830e-03
  -1.3114e-03
  -2.7743e-04
   7.2125e-05
  -1.4305e-04
   6.4331e-05
  -2.0433e-04
  -1.5061e-03

J =  0.65243
grad =

   2.4091e-02
  -5.5646e-03
  -6.1685e-05
   2.2573e-03
  -5.0013e-04
   3.2267e-03
  -3.0574e-03
   3.7227e-04
  -3.9762e-04
  -5.6612e-04
  -4.1435e-05
  -3.7230e-04
   5.9169e-04
  -2.7567e-04
   2.6816e-04
  -2.1817e-03
   1.1100e-04
  -2.6087e-04
   1.5518e-04
  -8.0593e-05
  -1.2622e-03
  -8.1186e-04
  -2.6334e-04
   1.6983e-04
  -1.3758e-04
   1.6930e-04
  -1.7169e-04
  -1.0188e-03

J =  0.65238
grad =

   2.2913e-02
  -6.4051e-03
  -2.8013e-04
   2.4504e-03
  -5.1262e-04
   3.4070e-03
  -3.4742e-03
   4.2567e-04
  -4.7956e-04
  -6.0585e-04
   2.4214e-05
  -4.1234e-04
   6.6740e-04
  -3.0716e-04
   3.7735e-04
  -2.4218e-03
   1.3808e-04
  -3.0291e-04
   1.9152e-04
  -1.0069e-04
  -1.2713e-03
  -8.1559e-04
  -2.9251e-04
   2.0091e-04
  -1.5730e-04
   2.0831e-04
  -1.9633e-04
  -9.6247e-04

J =  0.65238
grad =

   2.2913e-02
  -6.4051e-03
  -2.8013e-04
   2.4504e-03
  -5.1262e-04
   3.4070e-03
  -3.4742e-03
   4.2567e-04
  -4.7956e-04
  -6.0585e-04
   2.4214e-05
  -4.1234e-04
   6.6740e-04
  -3.0716e-04
   3.7735e-04
  -2.4218e-03
   1.3808e-04
  -3.0291e-04
   1.9152e-04
  -1.0069e-04
  -1.2713e-03
  -8.1559e-04
  -2.9251e-04
   2.0091e-04
  -1.5730e-04
   2.0831e-04
  -1.9633e-04
  -9.6247e-04

J =  0.65237
grad =

   2.2946e-02
  -6.3490e-03
  -2.7842e-04
   2.4493e-03
  -5.0663e-04
   3.3970e-03
  -3.4439e-03
   4.2352e-04
  -4.7196e-04
  -6.0192e-04
   3.1583e-05
  -4.0898e-04
   6.6579e-04
  -3.0375e-04
   3.7821e-04
  -2.4011e-03
   1.3750e-04
  -2.9937e-04
   1.9067e-04
  -9.7865e-05
  -1.2643e-03
  -8.0565e-04
  -2.9036e-04
   2.0079e-04
  -1.5593e-04
   2.0783e-04
  -1.9412e-04
  -9.5645e-04

J =  0.65237
